Pi: 3.120000
Pi: 3.156000
Pi: 3.166400
Pi: 3.141132
